# lattice: square
# precision: 15
# Lx Ly Jx Jy T 1/T F/N E/N C/N
16 16 1.000000000000000e+00 1.000000000000000e+00 2.857142857142857e+00 3.500000000000000e-01 -2.371531197813208e+00 -8.809982475689215e-01 4.872095940194137e-01
16 16 1.000000000000000e+00 1.000000000000000e+00 2.816901408450704e+00 3.550000000000000e-01 -2.350679280707003e+00 -9.011989709057651e-01 5.174259492591585e-01
16 16 1.000000000000000e+00 1.000000000000000e+00 2.777777777777778e+00 3.600000000000000e-01 -2.330691807693183e+00 -9.220854269479482e-01 5.510788670767246e-01
16 16 1.000000000000000e+00 1.000000000000000e+00 2.739726027397260e+00 3.650000000000000e-01 -2.311543306076817e+00 -9.437573418760392e-01 5.889483512626881e-01
16 16 1.000000000000000e+00 1.000000000000000e+00 2.702702702702703e+00 3.700000000000000e-01 -2.293211181027940e+00 -9.663378560339941e-01 6.320008898508321e-01
16 16 1.000000000000000e+00 1.000000000000000e+00 2.666666666666667e+00 3.750000000000000e-01 -2.275675864362024e+00 -9.899777207551694e-01 6.813955056801972e-01
16 16 1.000000000000000e+00 1.000000000000000e+00 2.631578947368421e+00 3.799999999999999e-01 -2.258921001409939e+00 -1.014858451603328e+00 7.384493608603776e-01
16 16 1.000000000000000e+00 1.000000000000000e+00 2.597402597402597e+00 3.850000000000000e-01 -2.242933648216817e+00 -1.041192620177656e+00 8.045265818054490e-01
16 16 1.000000000000000e+00 1.000000000000000e+00 2.564102564102564e+00 3.900000000000000e-01 -2.227704423987054e+00 -1.069218356589890e+00 8.808005153728623e-01
16 16 1.000000000000000e+00 1.000000000000000e+00 2.531645569620253e+00 3.950000000000000e-01 -2.213227524608328e+00 -1.099183962587153e+00 9.678370743305619e-01
16 16 1.000000000000000e+00 1.000000000000000e+00 2.500000000000000e+00 4.000000000000000e-01 -2.199500456600350e+00 -1.131317984410728e+00 1.064976882853428e+00
16 16 1.000000000000000e+00 1.000000000000000e+00 2.469135802469136e+00 4.050000000000000e-01 -2.186523313051087e+00 -1.165781492801192e+00 1.169585757224607e+00
16 16 1.000000000000000e+00 1.000000000000000e+00 2.439024390243902e+00 4.100000000000000e-01 -2.174297417263233e+00 -1.202604391106335e+00 1.276409538977910e+00
16 16 1.000000000000000e+00 1.000000000000000e+00 2.409638554216868e+00 4.150000000000000e-01 -2.162823252113430e+00 -1.241617142650411e+00 1.377455695894904e+00
16 16 1.000000000000000e+00 1.000000000000000e+00 2.380952380952381e+00 4.200000000000000e-01 -2.152097806035608e+00 -1.282400821625735e+00 1.462864417005469e+00
16 16 1.000000000000000e+00 1.000000000000000e+00 2.352941176470588e+00 4.250000000000000e-01 -2.142111768466327e+00 -1.324284201399015e+00 1.522916428272581e+00
16 16 1.000000000000000e+00 1.000000000000000e+00 2.325581395348837e+00 4.300000000000000e-01 -2.132847264394032e+00 -1.366407156275547e+00 1.550648834222920e+00
16 16 1.000000000000000e+00 1.000000000000000e+00 2.298850574712644e+00 4.350000000000001e-01 -2.124276836047418e+00 -1.407843138524874e+00 1.543939347896686e+00
16 16 1.000000000000000e+00 1.000000000000000e+00 2.272727272727273e+00 4.399999999999999e-01 -2.116364055435367e+00 -1.447743464827726e+00 1.505988602541510e+00
16 16 1.000000000000000e+00 1.000000000000000e+00 2.247191011235955e+00 4.450000000000000e-01 -2.109065605749182e+00 -1.485454144657033e+00 1.443996477089230e+00
16 16 1.000000000000000e+00 1.000000000000000e+00 2.222222222222222e+00 4.500000000000000e-01 -2.102334199938204e+00 -1.520571539354573e+00 1.366826239875787e+00
16 16 1.000000000000000e+00 1.000000000000000e+00 2.197802197802198e+00 4.550000000000001e-01 -2.096121554857481e+00 -1.552933841500399e+00 1.282798992711293e+00
16 16 1.000000000000000e+00 1.000000000000000e+00 2.173913043478261e+00 4.600000000000000e-01 -2.090380820696931e+00 -1.582569740895681e+00 1.198358730680638e+00
16 16 1.000000000000000e+00 1.000000000000000e+00 2.150537634408602e+00 4.650000000000000e-01 -2.085068199341646e+00 -1.609632427487277e+00 1.117703079722246e+00
16 16 1.000000000000000e+00 1.000000000000000e+00 2.127659574468085e+00 4.700000000000000e-01 -2.080143777479501e+00 -1.634339919298627e+00 1.043064954796876e+00
16 16 1.000000000000000e+00 1.000000000000000e+00 2.105263157894737e+00 4.750000000000000e-01 -2.075571758835544e+00 -1.656931294065940e+00 9.752584912390611e-01
16 16 1.000000000000000e+00 1.000000000000000e+00 2.083333333333333e+00 4.800000000000000e-01 -2.071320314791580e+00 -1.677639617653183e+00 9.142214225659605e-01
16 16 1.000000000000000e+00 1.000000000000000e+00 2.061855670103093e+00 4.849999999999999e-01 -2.067361236902094e+00 -1.696678050722913e+00 8.594338475748711e-01
16 16 1.000000000000000e+00 1.000000000000000e+00 2.040816326530612e+00 4.900000000000000e-01 -2.063669517028630e+00 -1.714234674541338e+00 8.101937420200097e-01
16 16 1.000000000000000e+00 1.000000000000000e+00 2.020202020202020e+00 4.950000000000000e-01 -2.060222928472252e+00 -1.730472297253015e+00 7.657755353055058e-01
16 16 1.000000000000000e+00 1.000000000000000e+00 2.000000000000000e+00 5.000000000000000e-01 -2.057001644015791e+00 -1.745530668990919e+00 7.255087677365626e-01
16 16 1.000000000000000e+00 1.000000000000000e+00 1.980198019801980e+00 5.050000000000000e-01 -2.053987903810643e+00 -1.759529565333966e+00 6.888085806821006e-01
16 16 1.000000000000000e+00 1.000000000000000e+00 1.960784313725490e+00 5.100000000000000e-01 -2.051165733746537e+00 -1.772571926260027e+00 6.551803257581519e-01
16 16 1.000000000000000e+00 1.000000000000000e+00 1.941747572815534e+00 5.150000000000000e-01 -2.048520709369906e+00 -1.784746685131884e+00 6.242120907462514e-01
16 16 1.000000000000000e+00 1.000000000000000e+00 1.923076923076923e+00 5.200000000000000e-01 -2.046039758594115e+00 -1.796131168473317e+00 5.955628642310887e-01
16 16 1.000000000000000e+00 1.000000000000000e+00 1.904761904761905e+00 5.250000000000000e-01 -2.043710996472939e+00 -1.806793067896237e+00 5.689502334707269e-01
16 16 1.000000000000000e+00 1.000000000000000e+00 1.886792452830188e+00 5.300000000000000e-01 -2.041523586103762e+00 -1.816792035348532e+00 5.441393153810723e-01
16 16 1.000000000000000e+00 1.000000000000000e+00 1.869158878504673e+00 5.350000000000000e-01 -2.039467620731081e+00 -1.826180966413951e+00 5.209334666812592e-01
16 16 1.000000000000000e+00 1.000000000000000e+00 1.851851851851852e+00 5.400000000000000e-01 -2.037534023079540e+00 -1.835007033463786e+00 4.991667716510669e-01
16 16 1.000000000000000e+00 1.000000000000000e+00 1.834862385321101e+00 5.450000000000000e-01 -2.035714458764843e+00 -1.843312521418133e+00 4.786980853493633e-01
16 16 1.000000000000000e+00 1.000000000000000e+00 1.818181818181818e+00 5.500000000000000e-01 -2.034001261293321e+00 -1.851135508698675e+00 4.594063521251212e-01
16 16 1.000000000000000e+00 1.000000000000000e+00 1.801801801801802e+00 5.550000000000000e-01 -2.032387366681249e+00 -1.858510426731483e+00 4.411869336141402e-01
16 16 1.000000000000000e+00 1.000000000000000e+00 1.785714285714286e+00 5.600000000000001e-01 -2.030866256128285e+00 -1.865468523743733e+00 4.239487209698004e-01
16 16 1.000000000000000e+00 1.000000000000000e+00 1.769911504424779e+00 5.649999999999999e-01 -2.029431905490425e+00 -1.872038252608434e+00 4.076118510810284e-01
16 16 1.000000000000000e+00 1.000000000000000e+00 1.754385964912281e+00 5.700000000000000e-01 -2.028078740538116e+00 -1.878245597900514e+00 3.921058870103804e-01
16 16 1.000000000000000e+00 1.000000000000000e+00 1.739130434782609e+00 5.750000000000000e-01 -2.026801597171796e+00 -1.884114353854657e+00 3.773683560916364e-01
16 16 1.000000000000000e+00 1.000000000000000e+00 1.724137931034483e+00 5.800000000000000e-01 -2.025595685913200e+00 -1.889666362300377e+00 3.633435650738593e-01
16 16 1.000000000000000e+00 1.000000000000000e+00 1.709401709401710e+00 5.850000000000000e-01 -2.024456560106092e+00 -1.894921717679745e+00 3.499816314309576e-01
16 16 1.000000000000000e+00 1.000000000000000e+00 1.694915254237288e+00 5.900000000000000e-01 -2.023380087352141e+00 -1.899898944761663e+00 3.372376847447879e-01
16 16 1.000000000000000e+00 1.000000000000000e+00 1.680672268907563e+00 5.950000000000000e-01 -2.022362423781702e+00 -1.904615153530304e+00 3.250712030796573e-01
16 16 1.000000000000000e+00 1.000000000000000e+00 1.666666666666667e+00 6.000000000000000e-01 -2.021399990819434e+00 -1.909086174851710e+00 3.134454574547372e-01
16 16 1.000000000000000e+00 1.000000000000000e+00 1.652892561983471e+00 6.050000000000000e-01 -2.020489454154119e+00 -1.913326679845133e+00 3.023270436270622e-01
16 16 1.000000000000000e+00 1.000000000000000e+00 1.639344262295082e+00 6.100000000000000e-01 -2.019627704662752e+00 -1.917350285355256e+00 2.916854849756356e-01
16 16 1.000000000000000e+00 1.000000000000000e+00 1.626016260162602e+00 6.150000000000000e-01 -2.018811841072973e+00 -1.921169647502338e+00 2.814928937336640e-01
16 16 1.000000000000000e+00 1.000000000000000e+00 1.612903225806452e+00 6.200000000000000e-01 -2.018039154176407e+00 -1.924796544953022e+00 2.717236804475217e-01
16 16 1.000000000000000e+00 1.000000000000000e+00 1.600000000000000e+00 6.250000000000000e-01 -2.017307112429466e+00 -1.928241953285914e+00 2.623543035616206e-01
16 16 1.000000000000000e+00 1.000000000000000e+00 1.587301587301587e+00 6.300000000000000e-01 -2.016613348798570e+00 -1.931516111608172e+00 2.533630525943807e-01
16 16 1.000000000000000e+00 1.000000000000000e+00 1.574803149606299e+00 6.350000000000000e-01 -2.015955648724163e+00 -1.934628582401488e+00 2.447298595944178e-01
16 16 1.000000000000000e+00 1.000000000000000e+00 1.562500000000000e+00 6.400000000000000e-01 -2.015331939092759e+00 -1.937588305429744e+00 2.364361345309610e-01
16 16 1.000000000000000e+00 1.000000000000000e+00 1.550387596899225e+00 6.450000000000000e-01 -2.014740278119111e+00 -1.940403646419590e+00 2.284646210394493e-01
16 16 1.000000000000000e+00 1.000000000000000e+00 1.538461538461538e+00 6.500000000000000e-01 -2.014178846051720e+00 -1.943082441124623e+00 2.207992695573050e-01
16 16 1.000000000000000e+00 1.000000000000000e+00 1.526717557251908e+00 6.550000000000000e-01 -2.013645936624485e+00 -1.945632035299638e+00 2.134251253800961e-01
16 16 1.000000000000000e+00 1.000000000000000e+00 1.515151515151515e+00 6.600000000000000e-01 -2.013139949185712e+00 -1.948059321040603e+00 2.063282295702980e-01
16 16 1.000000000000000e+00 1.000000000000000e+00 1.503759398496241e+00 6.650000000000000e-01 -2.012659381443039e+00 -1.950370769886248e+00 1.994955309791480e-01
16 16 1.000000000000000e+00 1.000000000000000e+00 1.492537313432836e+00 6.700000000000000e-01 -2.012202822769243e+00 -1.952572463026342e+00 1.929148079117768e-01
16 16 1.000000000000000e+00 1.000000000000000e+00 1.481481481481481e+00 6.750000000000000e-01 -2.011768948019562e+00 -1.954670118918534e+00 1.865745981883597e-01
16 16 1.000000000000000e+00 1.000000000000000e+00 1.470588235294118e+00 6.800000000000000e-01 -2.011356511816133e+00 -1.956669118578565e+00 1.804641365388798e-01
16 16 1.000000000000000e+00 1.000000000000000e+00 1.459854014598540e+00 6.850000000000001e-01 -2.010964343259586e+00 -1.958574528776935e+00 1.745732984230064e-01
16 16 1.000000000000000e+00 1.000000000000000e+00 1.449275362318841e+00 6.899999999999999e-01 -2.010591341031693e+00 -1.960391123347707e+00 1.688925494954887e-01
16 16 1.000000000000000e+00 1.000000000000000e+00 1.438848920863310e+00 6.950000000000000e-01 -2.010236468856481e+00 -1.962123402791406e+00 1.634129000459774e-01
16 16 1.000000000000000e+00 1.000000000000000e+00 1.428571428571429e+00 7.000000000000000e-01 -2.009898751290279e+00 -1.963775612333507e+00 1.581258638334425e-01
16 16 1.000000000000000e+00 1.000000000000000e+00 1.418439716312057e+00 7.050000000000000e-01 -2.009577269813940e+00 -1.965351758582074e+00 1.530234208129783e-01
16 16 1.000000000000000e+00 1.000000000000000e+00 1.408450704225352e+00 7.100000000000000e-01 -2.009271159202943e+00 -1.966855624912515e+00 1.480979833185852e-01
16 16 1.000000000000000e+00 1.000000000000000e+00 1.398601398601399e+00 7.150000000000000e-01 -2.008979604153256e+00 -1.968290785693823e+00 1.433423653215568e-01
16 16 1.000000000000000e+00 1.000000000000000e+00 1.388888888888889e+00 7.200000000000000e-01 -2.008701836142865e+00 -1.969660619458640e+00 1.387497544322454e-01
16 16 1.000000000000000e+00 1.000000000000000e+00 1.379310344827586e+00 7.250000000000000e-01 -2.008437130510631e+00 -1.970968321108961e+00 1.343136863541944e-01
16 16 1.000000000000000e+00 1.000000000000000e+00 1.369863013698630e+00 7.300000000000001e-01 -2.008184803735713e+00 -1.972216913240047e+00 1.300280215349673e-01
16 16 1.000000000000000e+00 1.000000000000000e+00 1.360544217687075e+00 7.350000000000000e-01 -2.007944210902301e+00 -1.973409256656848e+00 1.258869237887392e-01
16 16 1.000000000000000e+00 1.000000000000000e+00 1.351351351351351e+00 7.400000000000000e-01 -2.007714743335633e+00 -1.974548060149992e+00 1.218848406921755e-01
16 16 1.000000000000000e+00 1.000000000000000e+00 1.342281879194631e+00 7.450000000000000e-01 -2.007495826396517e+00 -1.975635889591961e+00 1.180164855779951e-01
16 16 1.000000000000000e+00 1.000000000000000e+00 1.333333333333333e+00 7.500000000000000e-01 -2.007286917422586e+00 -1.976675176408274e+00 1.142768209708279e-01
16 16 1.000000000000000e+00 1.000000000000000e+00 1.324503311258278e+00 7.549999999999999e-01 -2.007087503805546e+00 -1.977668225473450e+00 1.106610433270882e-01
16 16 1.000000000000000e+00 1.000000000000000e+00 1.315789473684211e+00 7.599999999999999e-01 -2.006897101194483e+00 -1.978617222476876e+00 1.071645689561594e-01
16 16 1.000000000000000e+00 1.000000000000000e+00 1.307189542483660e+00 7.650000000000000e-01 -2.006715251816167e+00 -1.979524240799676e+00 1.037830210132210e-01
16 16 1.000000000000000e+00 1.000000000000000e+00 1.298701298701299e+00 7.700000000000000e-01 -2.006541522903956e+00 -1.980391247939969e+00 1.005122174659379e-01
16 16 1.000000000000000e+00 1.000000000000000e+00 1.290322580645161e+00 7.750000000000000e-01 -2.006375505227616e+00 -1.981220111520624e+00 9.734815994751732e-02
16 16 1.000000000000000e+00 1.000000000000000e+00 1.282051282051282e+00 7.800000000000000e-01 -2.006216811716936e+00 -1.982012604910670e+00 9.428702341755946e-02
16 16 1.000000000000000e+00 1.000000000000000e+00 1.273885350318471e+00 7.850000000000000e-01 -2.006065076172599e+00 -1.982770412488818e+00 9.132514656040640e-02
16 16 1.000000000000000e+00 1.000000000000000e+00 1.265822784810126e+00 7.900000000000000e-01 -2.005919952058257e+00 -1.983495134575179e+00 8.845902285752791e-02
16 16 1.000000000000000e+00 1.000000000000000e+00 1.257861635220126e+00 7.950000000000000e-01 -2.005781111368220e+00 -1.984188292055073e+00 8.568529227692349e-02
16 16 1.000000000000000e+00 1.000000000000000e+00 1.250000000000000e+00 8.000000000000000e-01 -2.005648243565609e+00 -1.984851330716830e+00 8.300073352809041e-02
16 16 1.000000000000000e+00 1.000000000000000e+00 1.242236024844720e+00 8.050000000000000e-01 -2.005521054586183e+00 -1.985485625323752e+00 8.040225683602459e-02
16 16 1.000000000000000e+00 1.000000000000000e+00 1.234567901234568e+00 8.100000000000001e-01 -2.005399265903420e+00 -1.986092483438741e+00 7.788689719212757e-02
16 16 1.000000000000000e+00 1.000000000000000e+00 1.226993865030675e+00 8.149999999999999e-01 -2.005282613650777e+00 -1.986673149018634e+00 7.545180804402331e-02
16 16 1.000000000000000e+00 1.000000000000000e+00 1.219512195121951e+00 8.200000000000001e-01 -2.005170847797297e+00 -1.987228805793972e+00 7.309425538951615e-02
16 16 1.000000000000000e+00 1.000000000000000e+00 1.212121212121212e+00 8.250000000000000e-01 -2.005063731373080e+00 -1.987760580448682e+00 7.081161224341127e-02
16 16 1.000000000000000e+00 1.000000000000000e+00 1.204819277108434e+00 8.300000000000000e-01 -2.004961039741324e+00 -1.988269545613062e+00 6.860135344848277e-02
16 16 1.000000000000000e+00 1.000000000000000e+00 1.197604790419162e+00 8.350000000000000e-01 -2.004862559913925e+00 -1.988756722682405e+00 6.646105080464600e-02
16 16 1.000000000000000e+00 1.000000000000000e+00 1.190476190476190e+00 8.400000000000000e-01 -2.004768089907798e+00 -1.989223084472734e+00 6.438836849248408e-02
16 16 1.000000000000000e+00 1.000000000000000e+00 1.183431952662722e+00 8.450000000000000e-01 -2.004677438139311e+00 -1.989669557724214e+00 6.238105876948611e-02
16 16 1.000000000000000e+00 1.000000000000000e+00 1.176470588235294e+00 8.500000000000000e-01 -2.004590422854400e+00 -1.990097025462042e+00 6.043695791916040e-02
16 16 1.000000000000000e+00 1.000000000000000e+00 1.169590643274854e+00 8.550000000000001e-01 -2.004506871592085e+00 -1.990506329223924e+00 5.855398243487326e-02
16 16 1.000000000000000e+00 1.000000000000000e+00 1.162790697674419e+00 8.600000000000000e-01 -2.004426620679284e+00 -1.990898271162565e+00 5.673012542175416e-02
16 16 1.000000000000000e+00 1.000000000000000e+00 1.156069364161850e+00 8.649999999999999e-01 -2.004349514754968e+00 -1.991273616031024e+00 5.496345320144369e-02
16 16 1.000000000000000e+00 1.000000000000000e+00 1.149425287356322e+00 8.700000000000001e-01 -2.004275406321801e+00 -1.991633093058204e+00 5.325210210566705e-02
16 16 1.000000000000000e+00 1.000000000000000e+00 1.142857142857143e+00 8.750000000000000e-01 -2.004204155323586e+00 -1.991977397721264e+00 5.159427544572127e-02
16 16 1.000000000000000e+00 1.000000000000000e+00 1.136363636363636e+00 8.799999999999999e-01 -2.004135628746895e+00 -1.992307193421246e+00 4.998824064609259e-02
16 16 1.000000000000000e+00 1.000000000000000e+00 1.129943502824859e+00 8.850000000000000e-01 -2.004069700245428e+00 -1.992623113067787e+00 4.843232653126401e-02
16 16 1.000000000000000e+00 1.000000000000000e+00 1.123595505617978e+00 8.899999999999999e-01 -2.004006249785675e+00 -1.992925760578432e+00 4.692492075553291e-02
16 16 1.000000000000000e+00 1.000000000000000e+00 1.117318435754190e+00 8.950000000000000e-01 -2.003945163312617e+00 -1.993215712297566e+00 4.546446736683323e-02
16 16 1.000000000000000e+00 1.000000000000000e+00 1.111111111111111e+00 8.999999999999999e-01 -2.003886332434242e+00 -1.993493518339832e+00 4.404946449563776e-02
16 16 1.000000000000000e+00 1.000000000000000e+00 1.104972375690608e+00 9.049999999999999e-01 -2.003829654123732e+00 -1.993759703862391e+00 4.267846216129579e-02
16 16 1.000000000000000e+00 1.000000000000000e+00 1.098901098901099e+00 9.100000000000001e-01 -2.003775030438285e+00 -1.994014770270241e+00 4.135006018830181e-02
16 16 1.000000000000000e+00 1.000000000000000e+00 1.092896174863388e+00 9.150000000000001e-01 -2.003722368253562e+00 -1.994259196358450e+00 4.006290622576096e-02
16 16 1.000000000000000e+00 1.000000000000000e+00 1.086956521739130e+00 9.200000000000000e-01 -2.003671579012837e+00 -1.994493439394952e+00 3.881569386371468e-02
16 16 1.000000000000000e+00 1.000000000000000e+00 1.081081081081081e+00 9.250000000000002e-01 -2.003622578489985e+00 -1.994717936147285e+00 3.760716084055752e-02
16 16 1.000000000000000e+00 1.000000000000000e+00 1.075268817204301e+00 9.300000000000000e-01 -2.003575286565495e+00 -1.994933103856490e+00 3.643608733597289e-02
16 16 1.000000000000000e+00 1.000000000000000e+00 1.069518716577540e+00 9.350000000000002e-01 -2.003529627014736e+00 -1.995139341161119e+00 3.530129434453407e-02
16 16 1.000000000000000e+00 1.000000000000000e+00 1.063829787234043e+00 9.400000000000001e-01 -2.003485527307774e+00 -1.995337028974182e+00 3.420164212506100e-02
16 16 1.000000000000000e+00 1.000000000000000e+00 1.058201058201058e+00 9.449999999999998e-01 -2.003442918420065e+00 -1.995526531315622e+00 3.313602872158943e-02
16 16 1.000000000000000e+00 1.000000000000000e+00 1.052631578947368e+00 9.500000000000001e-01 -2.003401734653396e+00 -1.995708196102815e+00 3.210338855167934e-02
16 16 1.000000000000000e+00 1.000000000000000e+00 1.047120418848168e+00 9.550000000000000e-01 -2.003361913466480e+00 -1.995882355901383e+00 3.110269105842439e-02
16 16 1.000000000000000e+00 1.000000000000000e+00 1.041666666666667e+00 9.600000000000000e-01 -2.003323395314666e+00 -1.996049328638493e+00 3.013293942253103e-02
16 16 1.000000000000000e+00 1.000000000000000e+00 1.036269430051814e+00 9.649999999999999e-01 -2.003286123498226e+00 -1.996209418280694e+00 2.919316933120721e-02
16 16 1.000000000000000e+00 1.000000000000000e+00 1.030927835051547e+00 9.699999999999999e-01 -2.003250044018746e+00 -1.996362915478197e+00 2.828244780074140e-02
16 16 1.000000000000000e+00 1.000000000000000e+00 1.025641025641026e+00 9.749999999999999e-01 -2.003215105443158e+00 -1.996510098177405e+00 2.739987204995462e-02
16 16 1.000000000000000e+00 1.000000000000000e+00 1.020408163265306e+00 9.800000000000000e-01 -2.003181258774978e+00 -1.996651232203392e+00 2.654456842172161e-02
16 16 1.000000000000000e+00 1.000000000000000e+00 1.015228426395939e+00 9.850000000000001e-01 -2.003148457332353e+00 -1.996786571813934e+00 2.571569135010867e-02
16 16 1.000000000000000e+00 1.000000000000000e+00 1.010101010101010e+00 9.900000000000000e-01 -2.003116656632532e+00 -1.996916360226576e+00 2.491242237076817e-02
16 16 1.000000000000000e+00 1.000000000000000e+00 1.005025125628141e+00 9.950000000000001e-01 -2.003085814282406e+00 -1.997040830120176e+00 2.413396917229843e-02
16 16 1.000000000000000e+00 1.000000000000000e+00 1.000000000000000e+00 1.000000000000000e+00 -2.003055889874773e+00 -1.997160204112251e+00 2.337956468654137e-02
